$ANSIBLE_VAULT;1.1;AES256
63663436346630333363313061623232393761303562623336316436383436663538323433623838
6139653765626261396139383434353863336431633036610a346631323163373631656234356135
33663333376230626536613937633434343534303437393862376166656134313331313262623062
3732356266356162340a373665323539313031333361646561623161343230626432336338343663
62623463373439383231326135303566656430393230373263326464383266393938653432383739
36666339646564383164643836303862363630373537343065336635386131333932373038623466
31333163353331333761323338363332343735366539663132396634313834653664316437343638
30323534363933313531386366666261376139356336323562656338663032393137333761346336
63323666333163396432373539323461393036616566373136303063396139313236663436386564
35313036326430326238636361613731313039373462373431313863306361343961386465646166
61306536656662633235303733343932303565393930373664363731626562353031313138336337
30353538333932633337396335313865626139666634616430386432643935656633623039313661
31623364316462343032626138666565623632343362663437306562633062383263313965623761
66653536353966313739366330343065653239383036356433373166353463663035323535623234
37313138303536663035323333373037356139323431643838366365353664366535633361363162
37333534663461633938343634613334646564633533393366356231353036373830656561326238
61373834326366323136316562626363326265343063326632353031626637336637343935323030
33356533343763646637623037616532323630623163313739313961356530393637623363306464
61646531393436663463643962623964356333343830626232313230646435366339623132323761
38656566353134376561326333323934386361633531666232383731373637643466613338653633
3335
