$ANSIBLE_VAULT;1.1;AES256
35656534336234626533363937373065303835363364396632376262623630366438623762323161
3930656663316364326162323934623265653235333164620a313931363161316637316662353633
62303961363237633435363832386538306333336134616564303861613538633333326262363566
6663313365666365320a613833336466633639633464346234336433653566303866613861633839
36303534653230303462303231643331363065373639623730343561386337353335303063386462
37363630623766363864366239353038303837393731363933666363633535633665636662393632
64303533316137353036346264363536646237393135386232383565666439626431306635313064
36333830663963616263646363333565303937366662636465633039313532633661356630653664
36353637316662363036363562313931326661666362636237626137633437643432366239336538
62646634633663373139323938656138636662626666333465383332353762376161633130373435
30363961376537386163316161326265613439323731656266323038623838666466306266653063
34343439303061333139326334623364623333306632346434336163343762396465303035336163
37313235323964316332383436396632313531323639643464646138613730306363303537623733
62353063623337383630306631366335393861333836633330613565623562623736383633663033
31653639346330633064306339363338303663363234336462663035636233663137306266636537
32333563616238396261
