$ANSIBLE_VAULT;1.1;AES256
62366635666361653661366630383639633332313230306464313736336331363534653032613933
3036316430376432626437323137343664616364646536350a373162376535386532363732633364
30353430343964383236346337343066633963303337613938333832656535663732386362663035
3161323136313133390a653331366630623466646165636133343166346137376462396132333066
33636130346364643135393562316337393235656137373336333737396266393262333539396238
31666561626531333035363061336435616436356130663763643366333763326339646335643563
30323730666163363564366134373833623839653339326165393763616163323738306535316165
65616232303361633262633434376633393464643537656436663830653431646437623364356236
64336238303735326561333135396634333335336631316266373762396262383333613564393532
63343537323232636131333637316563316332323530363439663064336232666533316562376166
64653766623632303832623061366133636532373261363130313731646335616234363136303761
32306535343333356538313361336538383934393931346263343137643635386132643233356331
37303432663463303263343835646261353063393538316666643161643138646161626233303737
64316438356664643335313632386539643135383761393036316238636265666464363862393463
643630663638633365363931303062366632
